X2-B16m1-.jpg: 0.36458292603492737
X2-E5m1-.jpg: 0.34819748997688293
S1-B6m1-.jpg: 0.33377406001091003
X2-A5m2-.jpg: 0.20122039318084717
X2-D22m2-.jpg: 0.18857775628566742
X2-A5m3-.jpg: 0.1809328943490982
X2-E20m1-.jpg: 0.17092369496822357
X2-E21m1-.jpg: 0.15606509149074554
X2-A11m1-.jpg: 0.15257011353969574
X2-G11m1-.jpg: 0.1505916863679886
X2-B16m2-.jpg: 0.14334438741207123
X2-D27m1-.jpg: 0.1328630894422531
S1-B16m2-.jpg: 0.1316889226436615
S1-B16m1-.jpg: 0.10497165471315384
X2-G25m1-.jpg: 0.10312391072511673
S1-B12m1-.jpg: 0.10287194699048996
X2-G14m2-.jpg: 0.07993680983781815
S2-A11m1-.jpg: 0.07784717530012131
S1-A3m1-.jpg: 0.06817887723445892
X2-E18m2-.jpg: 0.062414687126874924
S1-C8m2-.jpg: 0.05470071732997894
S1-C15m1-.jpg: 0.053881872445344925
X2-E3m1-.jpg: 0.051154736429452896
S2-A10m2-.jpg: 0.0502755232155323
X1-E3m2-.jpg: 0.048323702067136765
S1-C15m2-.jpg: 0.04519696161150932
BS1-A1m1-.jpg: 0.0403335839509964
S1-D15m2-.jpg: 0.039172060787677765
S2-A10m1-.jpg: 0.03872131556272507
S1-B17m2-.jpg: 0.03574768081307411
X2-C27m1-.jpg: 0.03537597134709358
BS1-A1m2-.jpg: 0.030121689662337303
X2-G11m2-.jpg: 0.02958144061267376
X1-J3m2-.jpg: 0.028281906619668007
X2-B21m1-.jpg: 0.028065726161003113
X2-G18m1-.jpg: 0.026121346279978752
